Year,% GDP Growth,% Annual Change
2010,2.07,0.13
2011,2.46,0.4
2012,3.92,1.46
2013,2.58,-1.33
2014,2.53,-0.05
2015,2.19,-0.34
2016,2.77,0.58
2017,2.37,-0.4
2018,2.94,0.57
2019,1.9,-1.04
